500
496 497 7598
192 497 7598
349 495 7700
48 494 15637
5 485 17090
414 483 6300
11 480 17480
5 477 17565
121 473 9416
169 471 9101
9 470 17755
5 469 17765
9 468 17793
341 465 18012
32 454 9414
14 452 19152
331 451 1691
415 449 4225
169 448 2922
192 444 13462
440 442 10401
169 442 7460
169 441 10401
2 439 7086
5 438 10649
74 437 5800
348 435 1565
329 432 11036
391 463 6568
20 423 20729
5 459 11723
9 418 1529
321 416 1833
36 412 24330
344 411 12236
19 407 12635
270 405 12410
376 403 3106
4 397 12711
383 423 2185
108 487 1350
55 385 16187
389 456 9177
20 428 22486
335 381 5244
19 381 23389
335 407 12103
121 376 1888
48 375 17841
22 374 29895
9 399 25403
4 420 16587
5 389 17641
3 368 30750
1 427 11305
209 367 19890
241 366 13383
339 363 5871
114 362 31394
184 443 5943
32 359 9414
19 357 32392
299 354 1957
352 353 16664
184 436 2946
3 351 33510
286 484 624
184 347 18703
5 445 3154
275 424 1419
20 344 17537
253 343 540
6 341 18012
32 339 2479
48 338 500
10 337 37360
327 336 10098
20 392 25937
12 333 40020
347 361 15940
148 326 14259
14 322 13832
5 321 4816
193 318 27339
2 316 47719
441 442 3161
33 314 24642
5 464 7448
13 309 51985
33 306 53520
12 305 280
14 304 54945
291 308 9776
36 301 18524
7 297 30906
11 292 64173
31 290 66415
55 286 52367
93 285 1794
5 315 49266
6 284 35819
198 391 6568
253 283 870
169 453 5355
20 281 5712
21 280 12635
253 279 870
223 278 35109
2 276 78863
2 272 81277
212 269 3709
159 314 24642
4 328 11433
10 268 82224
253 287 170
148 266 41629
191 264 22
9 263 14687
0 298 57945
6 425 11362
4 258 29045
253 257 900
2 255 94129
57 246 41670
43 242 260
10 240 53753
415 491 1951
11 239 19665
11 236 115277
16 233 2015
55 232 61498
148 331 18341
444 455 7405
192 455 6496
0 225 52110
13 222 47316
232 247 17611
9 219 5800
10 218 72785
55 215 158238
33 209 15856
2 208 32640
11 206 37333
10 201 43386
4 200 46213
155 199 11084
11 228 30267
12 197 32670
36 193 16329
377 439 14002
20 327 14335
148 386 19132
0 183 112068
142 227 19
36 275 1419
24 179 9310
9 458 18563
18 179 5814
24 172 12312
22 168 60600
5 384 18563
12 167 1615
32 163 2147
2 162 101161
11 161 58730
2 161 38050
3 160 18225
0 154 96715
0 151 34400
20 150 12578
36 149 41035
20 149 41470
32 194 128
60 143 9162
0 143 12810
20 141 40455
411 478 12226
24 135 10393
18 135 10602
14 228 11492
17 135 5200
1 134 72140
24 133 42705
44 132 289
11 130 52100
10 130 52159
2 130 54450
0 120 36375
88 142 275
190 433 4913
11 118 19879
7 433 4947
6 117 30644
32 116 1653
51 115 14601
36 115 16966
3 251 43560
249 265 41953
13 203 20286
33 112 18665
43 109 8950
71 156 6773
169 312 1871
82 196 1554
2 218 74052
58 79 78474
6 94 900
61 93 37
106 189 6816
32 91 22629
86 176 180
484 495 7700
85 88 28
41 136 4816
19 100 3392
37 86 525
37 83 28661
40 77 10545
262 323 20587
6 274 35853
64 73 15448
165 340 2375
18 106 1400
237 376 2584
41 64 16650
18 172 5951
4 185 31806
178 217 425
482 483 1476
32 60 1176
121 463 10472
31 59 26536
26 58 115
36 56 6860
339 359 9414
39 77 22287
262 346 17289
108 329 1404
2 489 15639
16 55 15372
5 55 19944
41 295 85
43 49 152
21 216 1254
74 170 5720
145 194 2032
41 76 9125
55 299 5586
8 159 64
4 175 43750
148 451 17544
7 31 22480
6 90 3275
28 53 25399
13 288 68820
16 195 6401
396 482 4734
143 340 10323
5 31 27402
30 53 205
40 289 176
21 25 277
19 103 4750
96 98 10013
13 481 380
27 47 20416
12 69 1008
55 330 40746
10 128 6142
195 230 86
37 111 9028
27 421 1643
72 145 2720
0 45 53900
26 36 1776
18 165 309
165 390 8996
13 311 51837
172 173 1507
16 172 2000
121 431 11976
30 340 288
21 90 2581
3 147 100
156 195 1124
171 320 2567
180 275 32760
409 434 12311
321 445 3154
54 234 2035
7 57 1488
3 181 1232
25 122 155
118 433 12070
169 449 1878
27 60 928
0 177 36500
205 210 18
140 217 152
5 377 6244
6 346 238
43 68 154
36 60 1400
21 241 1140
53 211 3315
6 71 3300
269 328 1548
71 178 361
24 38 4300
42 121 152
108 488 1350
372 422 945
14 16 2116
20 365 30875
126 273 817
80 210 462
75 187 37
169 410 12311
20 238 18
326 331 20392
24 111 12245
72 220 629
55 261 86205
9 90 10544
61 75 1424
37 103 1050
51 293 10535
20 460 18525
29 181 5104
0 398 9350
7 181 1940
344 478 5301
26 38 1225
32 77 10773
329 446 2188
30 133 42705
380 413 5567
15 131 5236
10 289 2328
50 71 3315
40 68 1392
10 253 1440
153 253 350
5 50 1638
13 97 12175
438 464 10649
114 475 11223
23 102 16439
329 348 288
5 363 12730
479 481 8760
408 454 9414
486 487 2992
10 73 5400
114 317 5472
131 157 74
32 103 6160
25 84 4352
20 325 32205
14 28 19900
9 102 10557
48 466 17803
4 233 12173
55 249 58603
37 99 16331
0 302 55500
5 60 9362
87 136 5719
4 294 62285
312 450 2218
3 447 5760
414 482 4909
9 149 44718
349 484 8788
48 212 7392
321 429 3686
404 486 855
192 496 6094
400 436 2750
34 43 260
0 109 4620
9 472 17719
21 100 3256
383 428 47
13 248 56933
54 98 10013
112 447 14550
20 105 8300
46 78 70
9 318 18553
329 401 1822
20 398 9300
353 436 1565
25 238 10397
47 49 19456
420 459 6821
71 99 17100
9 231 7760
7 188 79924
48 498 13205
3 296 61830
61 95 788
436 443 3079
61 80 1949
2 254 96781
401 417 7903
395 450 4722
394 496 1504
17 173 5200
32 461 18506
303 308 7416
84 126 7942
55 247 66518
434 471 6443
82 204 5550
0 174 1080
30 111 15255
20 421 6697
28 64 18125
24 173 12445
119 422 28
388 391 13479
2 387 15966
16 213 4520
271 293 32674
9 300 18582
267 287 935
360 493 15741
52 158 64
259 475 6363
0 235 117606
2 250 13039
256 370 4513
6 406 17
68 81 8768
191 253 350
40 146 16872
32 332 29478
14 241 2775
245 253 810
393 394 2660
243 253 170
432 446 11036
244 253 1260
329 415 1548
9 319 44776
16 102 5309
8 356 27478
29 111 14791
124 253 170
312 415 1548
48 499 13926
229 482 6142
226 253 540
1 138 38602
80 95 1491
350 492 416
10 277 77885
224 253 360
114 370 25954
221 247 256
27 379 2850
187 210 777
5 186 3512
7 124 750
354 402 1044
44 127 3604
393 487 231
6 141 40780
23 105 18207
192 404 5338
323 346 5491
0 282 72020
207 253 350
95 140 190
189 382 808
198 253 350
71 187 2978
148 203 50301
195 340 779
207 405 12410
12 62 163
2 377 9310
325 334 11217
320 358 952
12 324 43530
430 463 416
6 426 11343
14 178 2775
63 253 1260
267 270 1853
10 252 99299
113 253 720
48 253 540
166 253 350
158 253 360
20 462 18401
99 419 11267
1 263 25849
6 108 18042
37 54 100
297 364 30906
43 253 540
20 373 30248
5 474 17632
13 226 540
15 164 370
44 62 62
169 434 3051
169 440 3161
72 253 720
152 155 11220
20 65 8700
93 190 1091
94 156 2958
396 455 4880
372 426 11343
22 97 13365
348 352 16664
345 445 14525
369 498 1596
334 392 600
55 449 3756
384 456 9547
33 158 128
164 273 817
41 95 9046
104 253 900
208 223 32640
21 68 1233
32 408 2479
140 241 171
182 227 9
4 160 8950
18 126 4446
137 422 945
259 266 41629
6 124 170
123 253 1080
121 253 540
39 129 22629
89 176 90
35 253 360
64 139 15474
361 443 3130
299 401 78
2 360 15741
192 488 1642
85 253 340
114 148 62712
108 355 19261
36 223 33
184 417 3991
33 307 53280
42 52 52
19 335 21280
13 343 540
284 342 35819
107 253 900
326 386 8148
105 253 350
26 42 152
449 490 1408
101 196 3996
12 367 10890
11 398 6764
17 179 5200
171 253 350
222 248 43666
88 253 345
5 388 13479
11 202 49611
313 422 952
378 419 12179
3 310 51885
110 187 1110
62 78 85
87 100 450
80 187 740
409 410 12311
359 363 12730
7 96 1200
3 220 1122
108 492 156
15 181 2816
9 134 78825
22 253 180
43 62 62
66 81 11840
55 415 4970
115 152 3650
291 481 8152
74 253 720
144 253 720
371 389 9
51 253 350
56 98 19496
5 82 564
32 42 152
65 253 350
12 214 29190
67 106 6525
402 492 1305
71 380 190
114 265 41953
1 52 228
37 127 1054
17 181 2880
17 327 18250
25 139 25
2 55 16720
34 242 260
291 479 8760
9 457 18629
19 147 77
5 476 17575
119 142 85
4 121 6425
2 253 1530
8 125 7650
260 298 3615
159 253 720
2 123 1080
121 237 696
19 205 2571
10 174 1612
76 103 725
9 129 43202
34 35 77
71 378 17290
92 189 13561
18 155 936
16 217 931
184 329 2997
440 441 7460
39 96 10013
27 74 77
148 467 17800
5 109 2850
30 70 205
18 78 848
29 30 503
